<?xml version="1.0"?>
<opencv_storage>
<CameraMatrix type_id="opencv-matrix">
  <rows>3</rows>
  <cols>3</cols>
  <dt>d</dt>
  <data>
    839.93268017564742 0. 367.09059114341329 0. 837.70642859566169
    244.31875662457216 0. 0. 1.</data></CameraMatrix>
<DistortionCoeffs type_id="opencv-matrix">
  <rows>1</rows>
  <cols>5</cols>
  <dt>d</dt>
  <data>
    -0.33759270350809661 15.526058630322323 0.0041216893696083608
    0.022077662786136501 -166.81885542270393</data></DistortionCoeffs>
<Rotation type_id="opencv-matrix">
  <rows>3</rows>
  <cols>1</cols>
  <dt>d</dt>
  <data>
    -1.177626244142113 1.2907739370450859 0.075060741749327961</data></Rotation>
<Translation type_id="opencv-matrix">
  <rows>3</rows>
  <cols>1</cols>
  <dt>d</dt>
  <data>
    -365.47030629538068 -331.03049540622879 1513.9920133234232</data></Translation>
</opencv_storage>
