<?xml version="1.0"?>
<opencv_storage>
<CameraMatrix type_id="opencv-matrix">
  <rows>3</rows>
  <cols>3</cols>
  <dt>f</dt>
  <data>
    4.43527527e+02 0. 3.57944794e+02 0. 4.38418701e+02 2.38828384e+02 0.
    0. 1.</data></CameraMatrix>
<DistortionCoeffs type_id="opencv-matrix">
  <rows>1</rows>
  <cols>5</cols>
  <dt>f</dt>
  <data>
    -4.23303515e-01 2.79013842e-01 -2.08745943e-03 -4.81873692e-04
    -9.20056254e-02</data></DistortionCoeffs>
<Rotation type_id="opencv-matrix">
  <rows>3</rows>
  <cols>1</cols>
  <dt>d</dt>
  <data>
    -1.1734876749951173e+00 4.8119156843983446e-01
    6.8137387336787658e-01</data></Rotation>
<Translation type_id="opencv-matrix">
  <rows>3</rows>
  <cols>1</cols>
  <dt>d</dt>
  <data>
    -3.7164376518565030e+02 5.8950907998516118e+02
    3.7698439189110513e+03</data></Translation>
</opencv_storage>
