<?xml version="1.0"?>
<opencv_storage>
<CameraMatrix type_id="opencv-matrix">
  <rows>3</rows>
  <cols>3</cols>
  <dt>d</dt>
  <data>
    1362.3340135551609 0. 625.12112575850222 0. 1360.9163331076518
    395.63701670574426 0. 0. 1.</data></CameraMatrix>
<DistortionCoeffs type_id="opencv-matrix">
  <rows>1</rows>
  <cols>5</cols>
  <dt>d</dt>
  <data>
    0.0062802595066050095 0.81937692471650969 0.011558257696131287
    -0.0057483498774184667 -2.3890334480101516</data></DistortionCoeffs>
<Rotation type_id="opencv-matrix">
  <rows>3</rows>
  <cols>1</cols>
  <dt>d</dt>
  <data>
    0.20970051091918862 -0.76919402836964612 -0.020018420955095248</data></Rotation>
<Translation type_id="opencv-matrix">
  <rows>3</rows>
  <cols>1</cols>
  <dt>d</dt>
  <data>
    -478.12371637220326 -68.344826230526266 1433.7479271555633</data></Translation>
</opencv_storage>
