<?xml version="1.0"?>
<opencv_storage>
<CameraMatrix type_id="opencv-matrix">
  <rows>3</rows>
  <cols>3</cols>
  <dt>f</dt>
  <data>
    4.48730682e+02 0. 3.34829742e+02 0. 4.45714172e+02 2.30183273e+02 0.
    0. 1.</data></CameraMatrix>
<DistortionCoeffs type_id="opencv-matrix">
  <rows>1</rows>
  <cols>5</cols>
  <dt>f</dt>
  <data>
    -3.98543298e-01 2.43763745e-01 -4.88282589e-04 2.49214499e-04
    -8.25618058e-02</data></DistortionCoeffs>
<Rotation type_id="opencv-matrix">
  <rows>3</rows>
  <cols>1</cols>
  <dt>d</dt>
  <data>
    -1.2729074943178822e+00 -5.0723859033145309e-02
    -2.7828604493571815e-02</data></Rotation>
<Translation type_id="opencv-matrix">
  <rows>3</rows>
  <cols>1</cols>
  <dt>d</dt>
  <data>
    -7.0553411101215420e+02 9.6439781324086266e+02
    3.2448318008627166e+03</data></Translation>
</opencv_storage>
